[ThridPlat]
KValue = 0.000000
BValue = 0.000000
Z1Pos = -10390
Z2Pos = -7050
Z3Pos = -3700
Z4Pos = -500
X1Pos = 1250
X2Pos = 4250
X3Pos = 7200
X4Pos = 10100
SelectPol = 2
MinSpeed = 50
MaxSpeed = 1500
ComboPol = "2"
FirstPosX = 0
FirstPosZ = -600

[SecondPlat]
RecvX = -650
RecvY = -5700
SendX = -15800
SendY = -2600
SelectPol = 2

[FirstPlat]
FeedMotorSpeed = 1000    
1to2Pos = 2400    
2to3Pos = 1900    
Combo_SelectPolic1 = "3"
Combo_SelectPolic2 = "3"
SensorWait = 1500    